1685	-5086
1708	-4881

1708	-4881
1775	-4708

1775	-4708
1877	-4562

1877	-4562
2011	-4444

2011	-4444
2173	-4354

2173	-4354
2350	-4295

2350	-4295
2543	-4255

2543	-4255
2740	-4244

2740	-4244
2889	-4251

2889	-4251
3043	-4275

3043	-4275
3196	-4318

3196	-4318
3338	-4381

3338	-4381
3460	-4468

3460	-4468
3555	-4578

3555	-4578
3618	-4716

3618	-4716
3641	-4881

3641	-4881
3614	-5027

3614	-5027
3535	-5153

3535	-5153
3405	-5259

3405	-5259
3228	-5350

3228	-5350
3003	-5433

3003	-5433
2740	-5511

2740	-5511
2429	-5582

2429	-5582
2082	-5657

2082	-5657
1783	-5732

1783	-5732
1496	-5818

1496	-5818
1224	-5929

1224	-5929
984	-6062

984	-6062
783	-6228

783	-6228
629	-6437

629	-6437
527	-6688

527	-6688
492	-6996

492	-6996
496	-7055

496	-7055
543	-7433

543	-7433
681	-7787

681	-7787
897	-8066

897	-8066
1181	-8279

1181	-8279
1511	-8433

1511	-8433
1877	-8531

1877	-8531
1925	-8543

1925	-8543
2271	-8586

2271	-8586
2318	-8590

2318	-8590
2673	-8606

2673	-8606
2724	-8606

2724	-8606
3074	-8586

3074	-8586
3460	-8527

3460	-8527
3822	-8425

3822	-8425
4145	-8267

4145	-8267
4421	-8051

4421	-8051
4645	-7775

4645	-7775
4803	-7429

4803	-7429
4814	-7377

4814	-7377
4881	-7007

4881	-7007
4720	-7007

4720	-7007
4555	-7007

4555	-7007
4393	-7007

4393	-7007
4228	-7007

4228	-7007
4066	-7007

4066	-7007
3901	-7007

3901	-7007
3740	-7007

3740	-7007
3574	-7007

3574	-7007
3543	-7188

3543	-7188
3480	-7338

3480	-7338
3389	-7456

3389	-7456
3275	-7547

3275	-7547
3137	-7610

3137	-7610
2984	-7653

2984	-7653
2814	-7677

2814	-7677
2633	-7685

2633	-7685
2511	-7685

2511	-7685
2381	-7669

2381	-7669
2255	-7645

2255	-7645
2133	-7606

2133	-7606
2027	-7551

2027	-7551
1944	-7468

1944	-7468
1889	-7358

1889	-7358
1870	-7220

1870	-7220
1901	-7051

1901	-7051
2003	-6921

2003	-6921
2157	-6814

2157	-6814
2358	-6728

2358	-6728
2594	-6661

2594	-6661
2858	-6598

2858	-6598
3137	-6539

3137	-6539
3429	-6472

3429	-6472
3728	-6397

3728	-6397
4015	-6307

4015	-6307
4283	-6192

4283	-6192
4523	-6051

4523	-6051
4728	-5874

4728	-5874
4881	-5653

4881	-5653
4984	-5385

4984	-5385
5019	-5066

5019	-5066
5015	-5007

5015	-5007
4964	-4614

4964	-4614
4952	-4562

4952	-4562
4818	-4240

4818	-4240
4594	-3937

4594	-3937
4299	-3700

4299	-3700
3952	-3527

3952	-3527
3905	-3511

3905	-3511
3566	-3409

3566	-3409
3515	-3401

3515	-3401
3153	-3346

3153	-3346
3102	-3338

3102	-3338
2728	-3322

2728	-3322
2677	-3322

2677	-3322
2299	-3346

2299	-3346
2244	-3350

2244	-3350
1877	-3413

1877	-3413
1826	-3425

1826	-3425
1488	-3531

1488	-3531
1440	-3551

1440	-3551
1133	-3708

1133	-3708
834	-3944

834	-3944
602	-4251

602	-4251
578	-4295

578	-4295
444	-4629

444	-4629
429	-4685

429	-4685
377	-5086

377	-5086
539	-5086

539	-5086
704	-5086

704	-5086
866	-5086

866	-5086
1031	-5086

1031	-5086
1192	-5086

1192	-5086
1358	-5086

1358	-5086
1519	-5086

1519	-5086
1685	-5086

9149	-5090
9228	-5358

9228	-5358
9275	-5649

9275	-5649
9287	-5948

9287	-5948
10665	-5913

10665	-5913
10665	-5850

10665	-5850
10629	-5417

10629	-5417
10622	-5354

10622	-5354
10527	-4944

10527	-4944
10511	-4885

10511	-4885
10358	-4503

10358	-4503
9149	-5090

10358	-4503
10330	-4452

10330	-4452
10118	-4118

10118	-4118
10082	-4070

10082	-4070
9807	-3791

9807	-3791
9763	-3755

9763	-3755
9429	-3539

9429	-3539
9377	-3515

9377	-3515
8984	-3381

8984	-3381
8921	-3366

8921	-3366
8464	-3322

8464	-3322
8240	-3338

8240	-3338
8019	-3374

8019	-3374
7811	-3433

7811	-3433
7614	-3515

7614	-3515
7425	-3625

7425	-3625
7255	-3755

7255	-3755
7102	-3905

7102	-3905
6964	-4078

6964	-4078
6960	-4078

6960	-4078
6956	-4078

6956	-4078
6956	-3629

6956	-3629
6956	-3177

6956	-3177
6956	-2728

6956	-2728
6956	-2275

6956	-2275
6956	-1826

6956	-1826
6956	-1374

6956	-1374
6956	-925

6956	-925
6956	-472

6956	-472
6783	-625

6783	-625
6610	-779

6610	-779
6440	-933

6440	-933
6267	-1086

6267	-1086
6094	-1240

6094	-1240
5925	-1389

5925	-1389
5751	-1543

5751	-1543
5578	-1696

5578	-1696
5578	-2515

5578	-2515
5578	-3330

5578	-3330
5578	-4149

5578	-4149
5578	-4968

5578	-4968
5578	-5783

5578	-5783
5578	-6602

5578	-6602
5578	-7421

5578	-7421
5578	-8236

5578	-8236
5744	-8267

5744	-8267
5905	-8295

5905	-8295
6070	-8322

6070	-8322
6236	-8354

6236	-8354
6397	-8381

6397	-8381
6562	-8413

6562	-8413
6724	-8440

6724	-8440
6889	-8468

6889	-8468
6889	-8389

6889	-8389
6889	-8311

6889	-8311
6889	-8232

6889	-8232
6889	-8149

6889	-8149
6889	-8070

6889	-8070
6889	-7992

6889	-7992
6889	-7909

6889	-7909
6889	-7830

6889	-7830
6893	-7830

6893	-7830
6897	-7830

6897	-7830
7031	-8019

7031	-8019
7185	-8181

7185	-8181
7354	-8314

7354	-8314
7539	-8421

7539	-8421
7732	-8503

7732	-8503
7940	-8559

7940	-8559
8161	-8594

8161	-8594
8389	-8606

8389	-8606
8460	-8606

8460	-8606
8937	-8547

8937	-8547
9000	-8535

9000	-8535
9405	-8385

9405	-8385
9460	-8358

9460	-8358
9799	-8129

9799	-8129
9842	-8090

9842	-8090
10118	-7791

10118	-7791
10149	-7748

10149	-7748
10358	-7389

10358	-7389
10385	-7334

10385	-7334
10531	-6933

10531	-6933
10547	-6874

10547	-6874
10633	-6437

10633	-6437
10641	-6374

10641	-6374
10665	-5913

10665	-5913
9287	-5948

9287	-5948
9271	-6251

9271	-6251
9224	-6543

9224	-6543
9141	-6814

9141	-6814
9019	-7059

9019	-7059
8854	-7267

8854	-7267
8645	-7429

8645	-7429
8393	-7531

8393	-7531
8086	-7566

8086	-7566
7779	-7531

7779	-7531
7519	-7429

7519	-7429
7314	-7271

7314	-7271
7153	-7062

7153	-7062
7035	-6818

7035	-6818
6956	-6547

6956	-6547
6909	-6251

6909	-6251
6897	-5948

6897	-5948
6913	-5649

6913	-5649
6960	-5358

6960	-5358
7043	-5090

7043	-5090
7161	-4850

7161	-4850
7326	-4649

7326	-4649
7535	-4496

7535	-4496
7791	-4397

7791	-4397
8098	-4362

8098	-4362
8409	-4397

8409	-4397
8665	-4496

8665	-4496
8870	-4649

8870	-4649
9031	-4850

9031	-4850
9149	-5090

9149	-5090
10358	-4503

12759	-6334
13070	-6374

13070	-6374
13370	-6409

13370	-6409
13653	-6444

13653	-6444
13818	-5704

13818	-5704
13740	-5692

13740	-5692
13657	-5681

13657	-5681
13574	-5669

13574	-5669
13496	-5653

13496	-5653
13413	-5641

13413	-5641
13330	-5629

13330	-5629
13251	-5618

13251	-5618
13169	-5602

13169	-5602
13094	-5582

13094	-5582
13015	-5562

13015	-5562
12759	-6334

13015	-5562
12944	-5539

12944	-5539
12874	-5511

12874	-5511
12807	-5484

12807	-5484
12744	-5448

12744	-5448
12685	-5409

12685	-5409
12629	-5362

12629	-5362
12582	-5314

12582	-5314
12539	-5259

12539	-5259
12503	-5196

12503	-5196
12476	-5129

12476	-5129
12452	-5055

12452	-5055
12440	-4968

12440	-4968
12437	-4877

12437	-4877
12440	-4791

12440	-4791
12452	-4708

12452	-4708
12476	-4633

12476	-4633
12503	-4566

12503	-4566
12543	-4507

12543	-4507
12586	-4456

12586	-4456
12633	-4409

12633	-4409
12692	-4370

12692	-4370
12751	-4338

12751	-4338
12818	-4311

12818	-4311
12885	-4287

12885	-4287
12960	-4267

12960	-4267
13035	-4255

13035	-4255
13114	-4244

13114	-4244
13196	-4240

13196	-4240
13279	-4240

13279	-4240
13468	-4251

13468	-4251
13637	-4279

13637	-4279
13783	-4322

13783	-4322
13909	-4381

13909	-4381
14015	-4448

14015	-4448
14106	-4527

14106	-4527
14181	-4610

14181	-4610
14240	-4704

14240	-4704
14287	-4799

14287	-4799
14326	-4893

14326	-4893
14354	-4992

14354	-4992
14370	-5086

14370	-5086
14381	-5173

14381	-5173
14389	-5255

14389	-5255
14393	-5330

14393	-5330
14393	-5397

14393	-5397
14393	-5429

14393	-5429
14393	-5460

14393	-5460
14393	-5492

14393	-5492
14393	-5523

14393	-5523
14393	-5555

14393	-5555
14393	-5586

14393	-5586
14393	-5622

14393	-5622
14393	-5653

14393	-5653
14393	-5685

14393	-5685
14393	-5716

14393	-5716
14393	-5748

14393	-5748
14393	-5779

14393	-5779
14393	-5811

14393	-5811
14393	-5846

14393	-5846
14393	-5877

14393	-5877
14393	-5909

14393	-5909
14346	-5874

14346	-5874
14295	-5838

14295	-5838
14236	-5811

14236	-5811
14177	-5787

14177	-5787
14110	-5763

14110	-5763
14043	-5748

14043	-5748
13968	-5728

13968	-5728
13893	-5712

13893	-5712
13818	-5704

13818	-5704
13653	-6444

13653	-6444
13897	-6507

13897	-6507
14110	-6578

14110	-6578
14267	-6677

14267	-6677
14366	-6814

14366	-6814
14393	-7000

14393	-7000
14389	-7106

14389	-7106
14377	-7196

14377	-7196
14354	-7279

14354	-7279
14322	-7354

14322	-7354
14287	-7417

14287	-7417
14240	-7472

14240	-7472
14188	-7519

14188	-7519
14129	-7559

14129	-7559
14066	-7590

14066	-7590
14000	-7618

14000	-7618
13925	-7641

13925	-7641
13846	-7657

13846	-7657
13767	-7669

13767	-7669
13681	-7677

13681	-7677
13594	-7677

13594	-7677
13503	-7677

13503	-7677
13405	-7677

13405	-7677
13314	-7665

13314	-7665
13224	-7653

13224	-7653
13141	-7633

13141	-7633
13066	-7610

13066	-7610
12992	-7578

12992	-7578
12929	-7543

12929	-7543
12866	-7500

12866	-7500
12811	-7452

12811	-7452
12759	-7397

12759	-7397
12716	-7334

12716	-7334
12681	-7267

12681	-7267
12649	-7192

12649	-7192
12625	-7106

12625	-7106
12606	-7019

12606	-7019
12594	-6921

12594	-6921
12507	-6921

12507	-6921
12421	-6921

12421	-6921
12334	-6921

12334	-6921
12248	-6921

12248	-6921
12165	-6921

12165	-6921
12078	-6921

12078	-6921
11992	-6921

11992	-6921
11905	-6921

11905	-6921
11818	-6921

11818	-6921
11732	-6921

11732	-6921
11649	-6921

11649	-6921
11562	-6921

11562	-6921
11476	-6921

11476	-6921
11389	-6921

11389	-6921
11303	-6921

11303	-6921
11220	-6921

11220	-6921
11244	-7149

11244	-7149
11295	-7358

11295	-7358
11370	-7551

11370	-7551
11460	-7720

11460	-7720
11574	-7874

11574	-7874
11700	-8011

11700	-8011
11846	-8133

11846	-8133
12003	-8236

12003	-8236
12173	-8326

12173	-8326
12354	-8401

12354	-8401
12543	-8464

12543	-8464
12744	-8511

12744	-8511
12944	-8551

12944	-8551
13153	-8574

13153	-8574
13362	-8590

13362	-8590
13574	-8594

13574	-8594
13763	-8594

13763	-8594
13956	-8582

13956	-8582
14145	-8562

14145	-8562
14338	-8539

14338	-8539
14527	-8503

14527	-8503
14708	-8460

14708	-8460
14881	-8401

14881	-8401
15047	-8330

15047	-8330
15200	-8248

15200	-8248
15342	-8145

15342	-8145
15464	-8031

15464	-8031
15570	-7897

15570	-7897
15657	-7748

15657	-7748
15720	-7574

15720	-7574
15759	-7381

15759	-7381
15775	-7169

15775	-7169
15775	-7007

15775	-7007
15775	-6842

15775	-6842
15775	-6681

15775	-6681
15775	-6515

15775	-6515
15775	-6354

15775	-6354
15775	-6192

15775	-6192
15775	-6027

15775	-6027
15775	-5866

15775	-5866
15775	-5704

15775	-5704
15775	-5539

15775	-5539
15775	-5377

15775	-5377
15775	-5212

15775	-5212
15775	-5051

15775	-5051
15775	-4889

15775	-4889
15775	-4724

15775	-4724
15775	-4562

15775	-4562
15775	-4476

15775	-4476
15775	-4393

15775	-4393
15779	-4307

15779	-4307
15779	-4224

15779	-4224
15783	-4141

15783	-4141
15791	-4062

15791	-4062
15799	-3984

15799	-3984
15811	-3909

15811	-3909
15822	-3838

15822	-3838
15838	-3771

15838	-3771
15850	-3704

15850	-3704
15866	-3645

15866	-3645
15881	-3586

15881	-3586
15901	-3535

15901	-3535
15921	-3488

15921	-3488
15944	-3448

15944	-3448
15858	-3448

15858	-3448
15771	-3448

15771	-3448
15685	-3448

15685	-3448
15598	-3448

15598	-3448
15511	-3448

15511	-3448
15421	-3448

15421	-3448
15334	-3448

15334	-3448
15248	-3448

15248	-3448
15161	-3448

15161	-3448
15074	-3448

15074	-3448
14988	-3448

14988	-3448
14901	-3448

14901	-3448
14814	-3448

14814	-3448
14724	-3448

14724	-3448
14637	-3448

14637	-3448
14551	-3448

14551	-3448
14543	-3476

14543	-3476
14531	-3507

14531	-3507
14519	-3535

14519	-3535
14507	-3566

14507	-3566
14500	-3594

14500	-3594
14492	-3625

14492	-3625
14484	-3657

14484	-3657
14476	-3688

14476	-3688
14472	-3716

14472	-3716
14468	-3748

14468	-3748
14464	-3779

14464	-3779
14460	-3811

14460	-3811
14460	-3842

14460	-3842
14456	-3870

14456	-3870
14456	-3901

14456	-3901
14456	-3933

14456	-3933
14370	-3850

14370	-3850
14283	-3775

14283	-3775
14192	-3704

14192	-3704
14094	-3645

14094	-3645
13996	-3586

13996	-3586
13893	-3535

13893	-3535
13791	-3492

13791	-3492
13681	-3452

13681	-3452
13570	-3417

13570	-3417
13460	-3389

13460	-3389
13346	-3366

13346	-3366
13232	-3346

13232	-3346
13118	-3330

13118	-3330
13003	-3318

13003	-3318
12885	-3311

12885	-3311
12767	-3311

12767	-3311
12590	-3314

12590	-3314
12421	-3330

12421	-3330
12255	-3358

12255	-3358
12098	-3397

12098	-3397
11948	-3448

11948	-3448
11807	-3511

11807	-3511
11677	-3586

11677	-3586
11559	-3673

11559	-3673
11448	-3771

11448	-3771
11350	-3885

11350	-3885
11267	-4007

11267	-4007
11196	-4141

11196	-4141
11141	-4291

11141	-4291
11098	-4452

11098	-4452
11074	-4625

11074	-4625
11062	-4811

11062	-4811
11106	-5196

11106	-5196
11212	-5511

11212	-5511
11381	-5759

11381	-5759
11598	-5952

11598	-5952
11854	-6098

11854	-6098
12141	-6204

12141	-6204
12444	-6279

12444	-6279
12759	-6334

12759	-6334
13015	-5562

16551	-8236
16712	-8263

16712	-8263
16877	-8295

16877	-8295
17039	-8322

17039	-8322
17204	-8354

17204	-8354
17366	-8381

17366	-8381
17531	-8409

17531	-8409
17692	-8440

17692	-8440
17858	-8468

17858	-8468
17858	-8350

17858	-8350
17858	-8236

17858	-8236
17858	-8118

17858	-8118
17858	-8003

17858	-8003
17858	-7885

17858	-7885
17858	-7771

17858	-7771
17858	-7653

17858	-7653
17858	-7539

17858	-7539
17862	-7539

17862	-7539
17866	-7539

17866	-7539
17980	-7763

17980	-7763
18129	-7968

18129	-7968
18307	-8153

18307	-8153
18507	-8307

18507	-8307
18724	-8433

18724	-8433
18960	-8527

18960	-8527
19208	-8582

19208	-8582
19464	-8602

19464	-8602
19503	-8602

19503	-8602
19543	-8602

19543	-8602
19582	-8598

19582	-8598
19618	-8594

19618	-8594
19657	-8586

19657	-8586
19692	-8578

19692	-8578
19728	-8566

19728	-8566
19767	-8555

19767	-8555
19767	-8393

19767	-8393
19767	-8236

19767	-8236
19767	-8074

19767	-8074
19767	-7917

19767	-7917
19767	-7755

19767	-7755
19767	-7594

19767	-7594
19767	-7437

19767	-7437
19767	-7275

19767	-7275
19716	-7287

19716	-7287
19657	-7299

19657	-7299
19598	-7307

19598	-7307
19535	-7314

19535	-7314
19468	-7318

19468	-7318
19401	-7322

19401	-7322
19334	-7322

19334	-7322
19271	-7322

19271	-7322
18921	-7291

18921	-7291
18629	-7196

18629	-7196
18393	-7051

18393	-7051
18212	-6854

18212	-6854
18074	-6618

18074	-6618
17984	-6342

17984	-6342
17933	-6039

17933	-6039
17913	-5716

17913	-5716
17913	-5433

17913	-5433
17913	-5149

17913	-5149
17913	-4870

17913	-4870
17913	-4586

17913	-4586
17913	-4303

17913	-4303
17913	-4023

17913	-4023
17913	-3740

17913	-3740
17913	-3456

17913	-3456
17744	-3456

17744	-3456
17570	-3456

17570	-3456
17397	-3456

17397	-3456
17224	-3456

17224	-3456
17055	-3456

17055	-3456
16881	-3456

16881	-3456
16708	-3456

16708	-3456
16539	-3456

16539	-3456
16539	-4055

16539	-4055
16539	-4653

16539	-4653
16539	-5248

16539	-5248
16539	-5846

16539	-5846
16539	-6444

16539	-6444
16539	-7039

16539	-7039
16539	-7637

16539	-7637
16551	-8236

20307	-9622
21685	-10377

21685	-10377
21685	-6665

21685	-6665
23417	-8468

23417	-8468
25047	-8468

25047	-8468
23157	-6625

23157	-6625
25259	-3460

25259	-3460
23594	-3460

23594	-3460
22216	-5696

22216	-5696
21685	-5185

21685	-5185
21685	-3460

21685	-3460
20307	-3460

20307	-3460
20307	-9622

26094	-7547
25925	-7547

25925	-7547
25755	-7547

25755	-7547
25586	-7547

25586	-7547
25417	-7547

25417	-7547
25248	-7547

25248	-7547
25078	-7547

25078	-7547
24909	-7547

24909	-7547
24740	-7547

24740	-7547
24858	-7665

24858	-7665
24972	-7779

24972	-7779
25090	-7893

25090	-7893
25208	-8007

25208	-8007
25326	-8125

25326	-8125
25440	-8240

25440	-8240
25559	-8354

25559	-8354
25677	-8468

25677	-8468
25728	-8468

25728	-8468
25783	-8468

25783	-8468
25834	-8468

25834	-8468
25885	-8468

25885	-8468
25940	-8468

25940	-8468
25992	-8468

25992	-8468
26043	-8468

26043	-8468
26094	-8468

26094	-8468
26094	-8519

26094	-8519
26094	-8566

26094	-8566
26094	-8614

26094	-8614
26094	-8661

26094	-8661
26094	-8712

26094	-8712
26094	-8759

26094	-8759
26094	-8807

26094	-8807
26094	-8854

26094	-8854
26122	-9177

26122	-9177
26200	-9468

26200	-9468
26330	-9728

26330	-9728
26511	-9952

26511	-9952
26748	-10129

26748	-10129
27035	-10263

27035	-10263
27377	-10350

27377	-10350
27425	-10354

27425	-10354
27771	-10377

27771	-10377
27862	-10377

27862	-10377
27956	-10374

27956	-10374
28047	-10370

28047	-10370
28141	-10366

28141	-10366
28232	-10358

28232	-10358
28322	-10350

28322	-10350
28409	-10346

28409	-10346
28500	-10346

28500	-10346
28500	-10216

28500	-10216
28500	-10086

28500	-10086
28500	-9960

28500	-9960
28500	-9830

28500	-9830
28500	-9704

28500	-9704
28500	-9574

28500	-9574
28500	-9444

28500	-9444
28500	-9318

28500	-9318
28437	-9322

28437	-9322
28374	-9330

28374	-9330
28311	-9334

28311	-9334
28248	-9338

28248	-9338
28185	-9338

28185	-9338
28122	-9338

28122	-9338
28059	-9342

28059	-9342
27996	-9342

27996	-9342
27866	-9334

27866	-9334
27755	-9311

27755	-9311
27665	-9271

27665	-9271
27590	-9212

27590	-9212
27539	-9133

27539	-9133
27500	-9035

27500	-9035
27480	-8913

27480	-8913
27472	-8771

27472	-8771
27472	-8732

27472	-8732
27472	-8692

27472	-8692
27472	-8657

27472	-8657
27472	-8618

27472	-8618
27472	-8582

27472	-8582
27472	-8543

27472	-8543
27472	-8507

27472	-8507
27472	-8468

27472	-8468
27590	-8468

27590	-8468
27708	-8468

27708	-8468
27826	-8468

27826	-8468
27944	-8468

27944	-8468
28062	-8468

28062	-8468
28185	-8468

28185	-8468
28303	-8468

28303	-8468
28421	-8468

28421	-8468
28421	-8354

28421	-8354
28421	-8240

28421	-8240
28421	-8125

28421	-8125
28421	-8007

28421	-8007
28421	-7893

28421	-7893
28421	-7779

28421	-7779
28421	-7665

28421	-7665
28421	-7547

28421	-7547
28303	-7547

28303	-7547
28185	-7547

28185	-7547
28062	-7547

28062	-7547
27944	-7547

27944	-7547
27826	-7547

27826	-7547
27708	-7547

27708	-7547
27590	-7547

27590	-7547
27472	-7547

27472	-7547
27472	-7039

27472	-7039
27472	-6527

27472	-6527
27472	-6015

27472	-6015
27472	-5503

27472	-5503
27472	-4992

27472	-4992
27472	-4480

27472	-4480
27472	-3968

27472	-3968
27472	-3460

27472	-3460
27299	-3460

27299	-3460
27125	-3460

27125	-3460
26956	-3460

26956	-3460
26783	-3460

26783	-3460
26610	-3460

26610	-3460
26440	-3460

26440	-3460
26267	-3460

26267	-3460
26094	-3460

26094	-3460
26094	-3968

26094	-3968
26094	-4480

26094	-4480
26094	-4992

26094	-4992
26094	-5503

26094	-5503
26094	-6015

26094	-6015
26094	-6527

26094	-6527
26094	-7039

26094	-7039
26094	-7547

33507	-3460
33346	-3460

33346	-3460
33181	-3460

33181	-3460
33015	-3460

33015	-3460
32854	-3460

32854	-3460
32688	-3460

32688	-3460
32527	-3460

32527	-3460
32362	-3460

32362	-3460
32200	-3460

32200	-3460
32200	-3547

32200	-3547
32200	-3633

32200	-3633
32200	-3720

32200	-3720
32200	-3807

32200	-3807
32200	-3893

32200	-3893
32200	-3984

32200	-3984
32200	-4070

32200	-4070
32200	-4157

32200	-4157
32196	-4157

32196	-4157
32192	-4157

32192	-4157
32188	-4157

32188	-4157
32185	-4157

32185	-4157
32043	-3956

32043	-3956
31877	-3783

31877	-3783
31700	-3641

31700	-3641
31503	-3527

31503	-3527
31299	-3437

31299	-3437
31086	-3374

31086	-3374
30870	-3334

30870	-3334
30653	-3322

30653	-3322
30582	-3322

30582	-3322
30153	-3362

30153	-3362
30098	-3370

30098	-3370
29748	-3472

29748	-3472
29429	-3649

29429	-3649
29188	-3889

29188	-3889
29015	-4188

29015	-4188
28901	-4539

28901	-4539
28889	-4590

28889	-4590
28838	-4940

28838	-4940
28834	-4996

28834	-4996
28822	-5385

28822	-5385
28822	-5771

28822	-5771
28822	-6157

28822	-6157
28822	-6543

28822	-6543
28822	-6929

28822	-6929
28822	-7311

28822	-7311
28822	-7696

28822	-7696
28822	-8082

28822	-8082
28822	-8468

28822	-8468
28992	-8468

28992	-8468
29165	-8468

29165	-8468
29338	-8468

29338	-8468
29507	-8468

29507	-8468
29681	-8468

29681	-8468
29854	-8468

29854	-8468
30023	-8468

30023	-8468
30196	-8468

30196	-8468
30196	-8114

30196	-8114
30196	-7759

30196	-7759
30196	-7409

30196	-7409
30196	-7055

30196	-7055
30196	-6700

30196	-6700
30196	-6346

30196	-6346
30196	-5992

30196	-5992
30196	-5637

30196	-5637
30208	-5350

30208	-5350
30244	-5098

30244	-5098
30307	-4889

30307	-4889
30397	-4716

30397	-4716
30515	-4582

30515	-4582
30669	-4484

30669	-4484
30854	-4429

30854	-4429
31078	-4409

31078	-4409
31338	-4429

31338	-4429
31562	-4488

31562	-4488
31744	-4594

31744	-4594
31893	-4744

31893	-4744
32003	-4940

32003	-4940
32082	-5188

32082	-5188
32129	-5488

32129	-5488
32145	-5842

32145	-5842
32145	-6169

32145	-6169
32145	-6500

32145	-6500
32145	-6826

32145	-6826
32145	-7153

32145	-7153
32145	-7484

32145	-7484
32145	-7811

32145	-7811
32145	-8141

32145	-8141
32145	-8468

32145	-8468
32318	-8468

32318	-8468
32488	-8468

32488	-8468
32661	-8468

32661	-8468
32834	-8468

32834	-8468
33007	-8468

33007	-8468
33177	-8468

33177	-8468
33350	-8468

33350	-8468
33523	-8468

33523	-8468
33523	-7842

33523	-7842
33523	-7216

33523	-7216
33523	-6590

33523	-6590
33523	-5964

33523	-5964
33523	-5338

33523	-5338
33523	-4712

33523	-4712
33523	-4086

33523	-4086
33507	-3460

34267	-8468
34433	-8468

34433	-8468
34594	-8468

34594	-8468
34759	-8468

34759	-8468
34921	-8468

34921	-8468
35086	-8468

35086	-8468
35248	-8468

35248	-8468
35413	-8468

35413	-8468
35574	-8468

35574	-8468
35574	-8381

35574	-8381
35574	-8295

35574	-8295
35574	-8208

35574	-8208
35574	-8122

35574	-8122
35574	-8035

35574	-8035
35574	-7948

35574	-7948
35574	-7858

35574	-7858
35574	-7771

35574	-7771
35578	-7771

35578	-7771
35582	-7771

35582	-7771
35586	-7771

35586	-7771
35590	-7771

35590	-7771
35732	-7972

35732	-7972
35897	-8145

35897	-8145
36074	-8287

36074	-8287
36267	-8405

36267	-8405
36472	-8492

36472	-8492
36685	-8555

36685	-8555
36905	-8594

36905	-8594
37122	-8606

37122	-8606
37188	-8606

37188	-8606
37622	-8566

37622	-8566
37677	-8559

37677	-8559
38027	-8456

38027	-8456
38346	-8279

38346	-8279
38586	-8039

38586	-8039
38759	-7740

38759	-7740
38874	-7389

38874	-7389
38881	-7342

38881	-7342
38937	-6988

38937	-6988
38940	-6933

38940	-6933
38952	-6543

38952	-6543
38952	-6157

38952	-6157
38952	-5771

38952	-5771
38952	-5385

38952	-5385
38952	-5003

38952	-5003
38952	-4618

38952	-4618
38952	-4232

38952	-4232
38952	-3846

38952	-3846
38952	-3460

38952	-3460
38783	-3460

38783	-3460
38610	-3460

38610	-3460
38437	-3460

38437	-3460
38267	-3460

38267	-3460
38094	-3460

38094	-3460
37921	-3460

37921	-3460
37748	-3460

37748	-3460
37578	-3460

37578	-3460
37578	-3814

37578	-3814
37578	-4169

37578	-4169
37578	-4523

37578	-4523
37578	-4874

37578	-4874
37578	-5228

37578	-5228
37578	-5582

37578	-5582
37578	-5937

37578	-5937
37578	-6291

37578	-6291
37566	-6578

37566	-6578
37531	-6830

37531	-6830
37468	-7043

37468	-7043
37377	-7216

37377	-7216
37259	-7350

37259	-7350
37106	-7444

37106	-7444
36917	-7500

36917	-7500
36696	-7519

36696	-7519
36437	-7500

36437	-7500
36212	-7440

36212	-7440
36031	-7334

36031	-7334
35881	-7185

35881	-7185
35771	-6988

35771	-6988
35692	-6740

35692	-6740
35645	-6440

35645	-6440
35629	-6086

35629	-6086
35629	-5759

35629	-5759
35629	-5429

35629	-5429
35629	-5102

35629	-5102
35629	-4775

35629	-4775
35629	-4444

35629	-4444
35629	-4118

35629	-4118
35629	-3787

35629	-3787
35629	-3460

35629	-3460
35456	-3460

35456	-3460
35287	-3460

35287	-3460
35114	-3460

35114	-3460
34940	-3460

34940	-3460
34771	-3460

34771	-3460
34598	-3460

34598	-3460
34425	-3460

34425	-3460
34251	-3460

34251	-3460
34251	-4086

34251	-4086
34251	-4712

34251	-4712
34251	-5338

34251	-5338
34251	-5964

34251	-5964
34251	-6590

34251	-6590
34251	-7216

34251	-7216
34251	-7846

34251	-7846
34267	-8468

28047	-17066
28051	-17043

28051	-17043
28059	-16984

28059	-16984
28062	-16893

28062	-16893
28055	-16787

28055	-16787
28031	-16681

28031	-16681
27980	-16582

27980	-16582
27893	-16500

27893	-16500
27763	-16452

27763	-16452
27649	-16452

27649	-16452
27523	-16476

27523	-16476
27393	-16519

27393	-16519
27255	-16586

27255	-16586
27125	-16669

27125	-16669
27000	-16759

27000	-16759
26885	-16862

26885	-16862
26791	-16968

26791	-16968
26700	-17094

26700	-17094
26633	-17212

26633	-17212
26598	-17326

26598	-17326
26586	-17437

26586	-17437
26598	-17539

26598	-17539
26633	-17641

26633	-17641
26688	-17736

26688	-17736
26763	-17826

26763	-17826
26897	-17944

26897	-17944
27043	-18019

27043	-18019
27192	-18059

27192	-18059
27338	-18078

27338	-18078
27464	-18078

27464	-18078
27566	-18066

27566	-18066
27637	-18055

27637	-18055
27661	-18055

27661	-18055
27614	-18090

27614	-18090
27484	-18185

27484	-18185
27275	-18303

27275	-18303
27003	-18417

27003	-18417
26685	-18496

26685	-18496
26326	-18507

26326	-18507
26279	-18503

26279	-18503
25937	-18429

25937	-18429
25889	-18409

25889	-18409
25535	-18220

25535	-18220
25492	-18188

25492	-18188
25232	-17960

25232	-17960
25035	-17681

25035	-17681
24940	-17389

24940	-17389
24937	-17086

24937	-17086
25023	-16775

25023	-16775
25185	-16464

25185	-16464
25421	-16157

25421	-16157
25456	-16122

25456	-16122
25720	-15858

25720	-15858
25948	-15586

25948	-15586
26062	-15322

26062	-15322
26074	-15074

26074	-15074
25996	-14850

25996	-14850
25842	-14669

25842	-14669
25629	-14535

25629	-14535
25374	-14460

25374	-14460
25086	-14460

25086	-14460
24897	-14503

24897	-14503
24740	-14570

24740	-14570
24614	-14665

24614	-14665
24519	-14771

24519	-14771
24452	-14889

24452	-14889
24421	-15007

24421	-15007
24421	-15125

24421	-15125
24452	-15232

24452	-15232
24507	-15314

24507	-15314
24578	-15385

24578	-15385
24661	-15448

24661	-15448
24748	-15503

24748	-15503
24826	-15543

24826	-15543
24893	-15574

24893	-15574
24937	-15594

24937	-15594
24956	-15602

24956	-15602
24933	-15610

24933	-15610
24877	-15625

24877	-15625
24787	-15649

24787	-15649
24665	-15669

24665	-15669
24519	-15681

24519	-15681
24354	-15673

24354	-15673
24173	-15645

24173	-15645
23980	-15586

23980	-15586
23807	-15507

23807	-15507
23645	-15405

23645	-15405
23500	-15275

23500	-15275
23374	-15114

23374	-15114
23271	-14913

23271	-14913
23200	-14669

23200	-14669
23157	-14377

23157	-14377
23149	-14039

23149	-14039
23149	-13472

23149	-13472
23149	-12901

23149	-12901
23149	-12334

23149	-12334
23149	-11767

23149	-11767
23149	-11200

23149	-11200
23149	-10633

23149	-10633
23149	-10066

23149	-10066
23149	-9496

23149	-9496
23173	-9523

23173	-9523
23236	-9602

23236	-9602
23334	-9720

23334	-9720
23464	-9877

23464	-9877
23622	-10059

23622	-10059
23803	-10263

23803	-10263
24000	-10484

24000	-10484
24212	-10712

24212	-10712
24437	-10960

24437	-10960
24641	-11185

24641	-11185
24826	-11381

24826	-11381
25003	-11547

25003	-11547
25185	-11677

25185	-11677
25374	-11767

25374	-11767
25578	-11814

25578	-11814
25811	-11818

25811	-11818
25870	-11814

25870	-11814
26263	-11818

26263	-11818
26318	-11822

26318	-11822
26685	-11874

26685	-11874
26736	-11881

26736	-11881
27074	-11980

27074	-11980
27433	-12137

27433	-12137
27763	-12342

27763	-12342
28062	-12586

28062	-12586
28338	-12870

28338	-12870
28370	-12905

28370	-12905
28582	-13185

28582	-13185
28633	-13267

28633	-13267
28929	-13834

28929	-13834
28960	-13917

28960	-13917
29106	-14480

29106	-14480
29118	-14559

29118	-14559
29137	-15102

29137	-15102
29133	-15177

29133	-15177
29051	-15677

29051	-15677
29035	-15744

29035	-15744
28874	-16181

28874	-16181
28846	-16240

28846	-16240
28629	-16598

28629	-16598
28594	-16641

28594	-16641
28342	-16901

28342	-16901
28043	-17074

28043	-17074
28047	-17066

